                                 ranks iteration time_seconds percent_cpu_utilization
experiment                nodes                                                      
bare-metal                4       64.0      10.5         82.1                  99.795
                          8      128.0      10.5        47.15                  99.675
                          16     256.0      10.5         25.6                  99.605
                          32     512.0      10.5        15.15                  99.505
bare-metal-with-usernetes 4       64.0      10.5         83.4                   99.58
                          8      128.0      10.5         45.7                    99.5
                          16     256.0      10.5        26.15                   99.44
                          32     512.0      10.5         16.0                    99.3
container                 4       64.0      10.5         82.0                    99.8
                          8      128.0      10.5         45.0                    99.7
                          16     256.0      10.5         25.0                    99.6
                          32     512.0      10.5        15.25                   99.51
container-with-usernetes  4       64.0      10.5         82.6                    99.6
                          8      128.0      10.5         46.1                  99.495
                          16     256.0      10.5         26.0                   99.43
                          32     512.0      10.5         16.1                    99.3
usernetes                 4       64.0      10.5         83.0                    99.7
                          8      128.0      10.5         46.0                    99.7
                          16     256.0      10.5         27.9                  99.595
                          32     512.0      10.5        16.35                    99.6
                                 ranks  iteration  time_seconds  percent_cpu_utilization
experiment                nodes                                                         
bare-metal                4        0.0    5.91608      0.447214                 0.022361
                          8        0.0    5.91608      6.635431                 0.078640
                          16       0.0    5.91608      2.683282                 0.022361
                          32       0.0    5.91608      4.233637                 0.022361
bare-metal-with-usernetes 4        0.0    5.91608      5.103147                 0.089443
                          8        0.0    5.91608      0.470162                 0.000000
                          16       0.0    5.91608      0.489360                 0.050262
                          32       0.0    5.91608      0.000000                 0.000000
container                 4        0.0    5.91608      0.000000                 0.000000
                          8        0.0    5.91608      0.000000                 0.000000
                          16       0.0    5.91608      0.000000                 0.000000
                          32       0.0    5.91608      5.138861                 0.044721
container-with-usernetes  4        0.0    5.91608      0.502625                 0.000000
                          8        0.0    5.91608      0.718185                 0.022361
                          16       0.0    5.91608      0.000000                 0.047016
                          32       0.0    5.91608      0.307794                 0.000000
usernetes                 4        0.0    5.91608      0.000000                 0.000000
                          8        0.0    5.91608      0.000000                 0.000000
                          16       0.0    5.91608      4.266146                 0.022361
                          32       0.0    5.91608      1.136708                 0.000000

