all_reduce
                            ranks iteration average_latency_us
experiment nodes size                                         
bare-metal 4     4.0         64.0      10.5            37.6365
                 8.0         64.0      10.5            37.7385
                 16.0        64.0      10.5            37.8075
                 32.0        64.0      10.5             37.779
                 64.0        64.0      10.5            38.2415
...                           ...       ...                ...
usernetes  32    65536.0    512.0      10.5           432.1165
                 131072.0   512.0      10.5            532.405
                 262144.0   512.0      10.5            841.493
                 524288.0   512.0      10.5           1501.016
                 1048576.0  512.0      10.5          2512.9195

[380 rows x 3 columns]
                            ranks  iteration  average_latency_us
experiment nodes size                                           
bare-metal 4     4.0          0.0    5.91608            0.186527
                 8.0          0.0    5.91608            0.142876
                 16.0         0.0    5.91608            0.172562
                 32.0         0.0    5.91608            0.111916
                 64.0         0.0    5.91608            0.199902
...                           ...        ...                 ...
usernetes  32    65536.0      0.0    5.91608           80.843229
                 131072.0     0.0    5.91608           60.390323
                 262144.0     0.0    5.91608           90.524979
                 524288.0     0.0    5.91608          120.067173
                 1048576.0    0.0    5.91608          137.905484

[380 rows x 3 columns]
latency
                           ranks iteration average_latency_us
experiment nodes size                                        
bare-metal 2     0.0         2.0      10.5             10.361
                 1.0         2.0      10.5            10.3885
                 2.0         2.0      10.5             10.382
                 4.0         2.0      10.5             10.376
                 8.0         2.0      10.5             10.685
...                          ...       ...                ...
usernetes  2     262144.0    2.0      10.5             62.334
                 524288.0    2.0      10.5            110.634
                 1048576.0   2.0      10.5             94.187
                 2097152.0   2.0      10.5            167.329
                 4194304.0   2.0      10.5            263.468

[120 rows x 3 columns]
                            ranks  iteration  average_latency_us
experiment nodes size                                           
bare-metal 2     0.0          0.0    5.91608            0.014832
                 1.0          0.0    5.91608            0.017554
                 2.0          0.0    5.91608            0.014364
                 4.0          0.0    5.91608            0.011425
                 8.0          0.0    5.91608            0.014690
...                           ...        ...                 ...
usernetes  2     262144.0     0.0    5.91608            3.703383
                 524288.0     0.0    5.91608            6.087757
                 1048576.0    0.0    5.91608            3.219940
                 2097152.0    0.0    5.91608            3.399528
                 4194304.0    0.0    5.91608            4.551383

[120 rows x 3 columns]
barrier
                                 ranks iteration average_latency_us
experiment                nodes                                    
bare-metal                4       64.0      10.5            46.7595
                          8      128.0      10.5             60.861
                          16     256.0      10.5             110.36
                          32     512.0      10.5             92.593
bare-metal-with-usernetes 4       64.0      10.5            49.2255
                          8      128.0      10.5            65.9575
                          16     256.0      10.5           129.0655
                          32     512.0      10.5           128.6845
container                 4       64.0      10.5            47.1315
                          8      128.0      10.5            61.9805
                          16     256.0      10.5           111.4935
                          32     512.0      10.5            97.1695
container-with-usernetes  4       64.0      10.5            50.6385
                          8      128.0      10.5            68.9965
                          16     256.0      10.5           122.9395
                          32     512.0      10.5           131.5205
usernetes                 4       64.0      10.5             71.468
                          8      128.0      10.5            92.0625
                          16     256.0      10.5           178.6325
                          32     512.0      10.5           165.3965
                                 ranks  iteration  average_latency_us
experiment                nodes                                      
bare-metal                4        0.0    5.91608            0.247184
                          8        0.0    5.91608            0.204113
                          16       0.0    5.91608            2.880179
                          32       0.0    5.91608            1.649402
bare-metal-with-usernetes 4        0.0    5.91608            2.231222
                          8        0.0    5.91608            2.483857
                          16       0.0    5.91608           16.918370
                          32       0.0    5.91608           19.380834
container                 4        0.0    5.91608            0.870851
                          8        0.0    5.91608            2.771516
                          16       0.0    5.91608            7.932682
                          32       0.0    5.91608           15.694784
container-with-usernetes  4        0.0    5.91608            5.340670
                          8        0.0    5.91608            7.713472
                          16       0.0    5.91608            9.131775
                          32       0.0    5.91608           21.428973
usernetes                 4        0.0    5.91608            4.532249
                          8        0.0    5.91608           11.956855
                          16       0.0    5.91608           11.585476
                          32       0.0    5.91608           26.526020
